[{"steps": [[[[[0.0, 0.0, 3.5999999046325684, 5.199999809265137, 0.0, 1.600000023841858, 6.0, 2.1540658473968506, 12.410076141357422, 0.0, 1.2206555604934692, 2.1540658473968506, 2.5079872608184814, 2.459674835205078, 8.829496383666992, 5.62227725982666, 8.381526947021484, 5.217278957366943, 6.694027423858643], [0.0, 1.0, 4.300000190734863, 6.199999809265137, 0.0, 1.600000023841858, 6.0, 2.707397222518921, 10.50761604309082, 1.2206555604934692, 0.0, 2.707397222518921, 3.313608407974243, 2.580697536468506, 7.963039398193359, 5.124451160430908, 8.095678329467773, 4.875448703765869, 6.356099605560303], [0.0, 2.0, 1.600000023841858, 6.0, 1.0, 1.600000023841858, 6.0, 0.0, 9.726767539978027, 2.1540658473968506, 2.707397222518921, 0.0, 4.313930988311768, 4.609772205352783, 10.667708396911621, 7.710382461547852, 10.530431747436523, 7.349830150604248, 8.832326889038086], [0.0, 3.0, 4.599999904632568, 2.9000000953674316, 0.0, 1.600000023841858, 6.0, 4.313930988311768, 13.483694076538086, 2.5079872608184814, 3.313608407974243, 4.313930988311768, 0.0, 1.6970562934875488, 8.732124328613281, 4.939635753631592, 7.002856731414795, 4.27200174331665, 5.544366359710693], [0.0, 4.0, 5.800000190734863, 4.099999904632568, 0.0, 1.600000023841858, 6.0, 4.609772205352783, 12.490396499633789, 2.459674835205078, 2.580697536468506, 4.609772205352783, 1.6970562934875488, 0.0, 7.111258506774902, 3.452535390853882, 5.966573715209961, 2.9000000953674316, 4.328972339630127], [1.0, 0.0, 12.199999809265137, 7.199999809265137, 0.0, 1.600000023841858, 6.0, 10.667708396911621, 9.413288116455078, 8.829496383666992, 7.963039398193359, 10.667708396911621, 8.732124328613281, 7.111258506774902, 0.0, 3.9051249027252197, 4.53982400894165, 4.6754679679870605, 4.167733192443848], [1.0, 1.0, 9.199999809265137, 4.699999809265137, 0.0, 1.600000023841858, 6.0, 7.710382461547852, 10.0304536819458, 5.62227725982666, 5.124451160430908, 7.710382461547852, 4.939635753631592, 3.452535390853882, 3.9051249027252197, 0.0, 3.1240999698638916, 0.7810249924659729, 1.421267032623291], [1.0, 2.0, 11.600000381469727, 2.700000047683716, 0.0, 1.600000023841858, 6.0, 10.530431747436523, 13.409324645996094, 8.381526947021484, 8.095678329467773, 10.530431747436523, 7.002856731414795, 5.966573715209961, 4.53982400894165, 3.1240999698638916, 0.0, 3.2202484607696533, 1.7492855787277222], [1.0, 3.0, 8.699999809265137, 4.099999904632568, 0.0, 1.600000023841858, 6.0, 7.349830150604248, 12.649505615234375, 5.217278957366943, 4.875448703765869, 7.349830150604248, 4.27200174331665, 2.9000000953674316, 4.6754679679870605, 0.7810249924659729, 3.2202484607696533, 0.0, 1.4866068363189697], [1.0, 4.0, 10.100000381469727, 3.5999999046325684, 0.0, 1.600000023841858, 6.0, 8.832326889038086, 10.50761604309082, 6.694027423858643, 6.356099605560303, 8.832326889038086, 5.544366359710693, 4.328972339630127, 4.167733192443848, 1.421267032623291, 1.7492855787277222, 1.4866068363189697, 0.0]]], {"team_left": 1, "team_right": 4}, {"00": 85, "01": 95, "02": 57, "03": 124, "04": 79, "10": 136, "11": 121, "12": 130, "13": 114, "14": 132}, {"00": 3, "01": 0, "02": 2, "03": 0, "04": 0, "10": 1, "11": 1, "12": 0, "13": 15, "14": 6}, {"00": 1, "01": 0, "02": 0, "03": 0, "04": 0, "10": 0, "11": 1, "12": 0, "13": 1, "14": 2}, {"00": 3, "01": 0, "02": 0, "03": 0, "04": 0, "10": 1, "11": 1, "12": 1, "13": 3, "14": 1}, {"00": 5, "01": 0, "02": 2, "03": 0, "04": 0, "10": 2, "11": 1, "12": 1, "13": 5, "14": 4}], [[[[0.0, 0.0, 3.799999952316284, 5.199999809265137, 1.0, 3.799999952316284, 5.199999809265137, 0.0, 10.623087882995605, 0.0, 1.2206555604934692, 2.1540658473968506, 2.5079872608184814, 2.459674835205078, 8.44037914276123, 5.223983287811279, 8.000624656677246, 4.827007293701172, 6.3063459396362305], [0.0, 1.0, 4.5, 6.199999809265137, 0.0, 3.799999952316284, 5.199999809265137, 1.2206555604934692, 10.044898986816406, 1.2206555604934692, 0.0, 2.707397222518921, 3.313608407974243, 2.580697536468506, 7.566372871398926, 4.7434163093566895, 7.736924648284912, 4.51774263381958, 5.9933295249938965], [0.0, 2.0, 1.7999999523162842, 6.0, 0.0, 3.799999952316284, 5.199999809265137, 2.1540658473968506, 12.688971519470215, 2.1540658473968506, 2.707397222518921, 0.0, 4.313930988311768, 4.609772205352783, 10.270345687866211, 7.316420078277588, 10.151354789733887, 6.964194297790527, 8.448076248168945], [0.0, 3.0, 4.800000190734863, 2.9000000953674316, 0.0, 3.799999952316284, 5.199999809265137, 2.5079872608184814, 9.732419967651367, 2.5079872608184814, 3.313608407974243, 4.313930988311768, 0.0, 1.6970562934875488, 8.386298179626465, 4.569463729858398, 6.603029727935791, 3.8897299766540527, 5.147815227508545], [0.0, 4.0, 6.0, 4.099999904632568, 0.0, 3.799999952316284, 5.199999809265137, 2.459674835205078, 8.409518241882324, 2.459674835205078, 2.580697536468506, 4.609772205352783, 1.6970562934875488, 0.0, 6.7535176277160645, 3.0594117641448975, 5.578530311584473, 2.5, 3.9319207668304443], [1.0, 0.0, 12.0, 7.199999809265137, 0.0, 3.799999952316284, 5.199999809265137, 8.44037914276123, 11.715374946594238, 8.44037914276123, 7.566372871398926, 10.270345687866211, 8.386298179626465, 6.7535176277160645, 0.0, 3.9051249027252197, 4.53982400894165, 4.6754679679870605, 4.167733192443848], [1.0, 1.0, 9.0, 4.699999809265137, 0.0, 3.799999952316284, 5.199999809265137, 5.223983287811279, 8.40238094329834, 5.223983287811279, 4.7434163093566895, 7.316420078277588, 4.569463729858398, 3.0594117641448975, 3.9051249027252197, 0.0, 3.1240999698638916, 0.7810249924659729, 1.421267032623291], [1.0, 2.0, 11.399999618530273, 2.700000047683716, 0.0, 3.799999952316284, 5.199999809265137, 8.000624656677246, 10.948972702026367, 8.000624656677246, 7.736924648284912, 10.151354789733887, 6.603029727935791, 5.578530311584473, 4.53982400894165, 3.1240999698638916, 0.0, 3.2202484607696533, 1.7492855787277222], [1.0, 3.0, 8.5, 4.099999904632568, 0.0, 3.799999952316284, 5.199999809265137, 4.827007293701172, 7.910120010375977, 4.827007293701172, 4.51774263381958, 6.964194297790527, 3.8897299766540527, 2.5, 4.6754679679870605, 0.7810249924659729, 3.2202484607696533, 0.0, 1.4866068363189697], [1.0, 4.0, 9.899999618530273, 3.5999999046325684, 0.0, 3.799999952316284, 5.199999809265137, 6.3063459396362305, 9.343446731567383, 6.3063459396362305, 5.9933295249938965, 8.448076248168945, 5.147815227508545, 3.9319207668304443, 4.167733192443848, 1.421267032623291, 1.7492855787277222, 1.4866068363189697, 0.0]]], {"team_left": 1, "team_right": 4}, {"00": 85, "01": 95, "02": 57, "03": 124, "04": 79, "10": 136, "11": 121, "12": 130, "13": 114, "14": 132}, {"00": 3, "01": 0, "02": 2, "03": 0, "04": 0, "10": 1, "11": 1, "12": 0, "13": 15, "14": 6}, {"00": 1, "01": 0, "02": 0, "03": 0, "04": 0, "10": 0, "11": 1, "12": 0, "13": 1, "14": 2}, {"00": 3, "01": 0, "02": 0, "03": 0, "04": 0, "10": 1, "11": 1, "12": 1, "13": 3, "14": 1}, {"00": 5, "01": 0, "02": 2, "03": 0, "04": 0, "10": 2, "11": 1, "12": 1, "13": 5, "14": 4}], [[[[0.0, 0.0, 4.0, 5.199999809265137, 1.0, 4.0, 5.199999809265137, 0.0, 10.423531532287598, 0.0, 1.2206555604934692, 2.1540658473968506, 2.5079872608184814, 2.459674835205078, 8.052329063415527, 4.825971603393555, 7.621679782867432, 4.438467979431152, 5.920303821563721], [0.0, 1.0, 4.699999809265137, 6.199999809265137, 0.0, 4.0, 5.199999809265137, 1.2206555604934692, 9.8478422164917, 1.2206555604934692, 0.0, 2.707397222518921, 3.313608407974243, 2.580697536468506, 7.170076847076416, 4.365776062011719, 7.382411479949951, 4.167733192443848, 5.635601043701172], [0.0, 2.0, 2.0, 6.0, 0.0, 4.0, 5.199999809265137, 2.1540658473968506, 12.490396499633789, 2.1540658473968506, 2.707397222518921, 0.0, 4.313930988311768, 4.609772205352783, 9.87319564819336, 6.923149585723877, 9.773944854736328, 6.580273628234863, 8.06535816192627], [0.0, 3.0, 5.0, 2.9000000953674316, 0.0, 4.0, 5.199999809265137, 2.5079872608184814, 9.535198211669922, 2.5079872608184814, 3.313608407974243, 4.313930988311768, 0.0, 1.6970562934875488, 8.045495986938477, 4.204759120941162, 6.203225135803223, 3.5114099979400635, 4.7518415451049805], [0.0, 4.0, 6.199999809265137, 4.099999904632568, 0.0, 4.0, 5.199999809265137, 2.459674835205078, 8.209750175476074, 2.459674835205078, 2.580697536468506, 4.609772205352783, 1.6970562934875488, 0.0, 6.400781154632568, 2.668332815170288, 5.192302227020264, 2.0999999046325684, 3.535533905029297], [1.0, 0.0, 11.800000190734863, 7.199999809265137, 0.0, 4.0, 5.199999809265137, 8.052329063415527, 11.520851135253906, 8.052329063415527, 7.170076847076416, 9.87319564819336, 8.045495986938477, 6.400781154632568, 0.0, 3.9051249027252197, 4.53982400894165, 4.6754679679870605, 4.167733192443848], [1.0, 1.0, 8.800000190734863, 4.699999809265137, 0.0, 4.0, 5.199999809265137, 4.825971603393555, 8.202438354492188, 4.825971603393555, 4.365776062011719, 6.923149585723877, 4.204759120941162, 2.668332815170288, 3.9051249027252197, 0.0, 3.1240999698638916, 0.7810249924659729, 1.421267032623291], [1.0, 2.0, 11.199999809265137, 2.700000047683716, 0.0, 4.0, 5.199999809265137, 7.621679782867432, 10.751744270324707, 7.621679782867432, 7.382411479949951, 9.773944854736328, 6.203225135803223, 5.192302227020264, 4.53982400894165, 3.1240999698638916, 0.0, 3.2202484607696533, 1.7492855787277222], [1.0, 3.0, 8.300000190734863, 4.099999904632568, 0.0, 4.0, 5.199999809265137, 4.438467979431152, 7.710382461547852, 4.438467979431152, 4.167733192443848, 6.580273628234863, 3.5114099979400635, 2.0999999046325684, 4.6754679679870605, 0.7810249924659729, 3.2202484607696533, 0.0, 1.4866068363189697], [1.0, 4.0, 9.699999809265137, 3.5999999046325684, 0.0, 4.0, 5.199999809265137, 5.920303821563721, 9.144396781921387, 5.920303821563721, 5.635601043701172, 8.06535816192627, 4.7518415451049805, 3.535533905029297, 4.167733192443848, 1.421267032623291, 1.7492855787277222, 1.4866068363189697, 0.0]]], {"team_left": 1, "team_right": 4}, {"00": 85, "01": 95, "02": 57, "03": 124, "04": 79, "10": 136, "11": 121, "12": 130, "13": 114, "14": 132}, {"00": 3, "01": 0, "02": 2, "03": 0, "04": 0, "10": 1, "11": 1, "12": 0, "13": 15, "14": 6}, {"00": 1, "01": 0, "02": 0, "03": 0, "04": 0, "10": 0, "11": 1, "12": 0, "13": 1, "14": 2}, {"00": 3, "01": 0, "02": 0, "03": 0, "04": 0, "10": 1, "11": 1, "12": 1, "13": 3, "14": 1}, {"00": 5, "01": 0, "02": 2, "03": 0, "04": 0, "10": 2, "11": 1, "12": 1, "13": 5, "14": 4}], [[[[0.0, 0.0, 4.199999809265137, 5.199999809265137, 1.0, 4.199999809265137, 5.199999809265137, 0.0, 10.223991394042969, 0.0, 1.2206555604934692, 2.1540658473968506, 2.5079872608184814, 2.459674835205078, 7.6655073165893555, 4.428318023681641, 7.244998455047607, 4.052159786224365, 5.5362443923950195], [0.0, 1.0, 4.900000095367432, 6.199999809265137, 0.0, 4.199999809265137, 5.199999809265137, 1.2206555604934692, 9.650906562805176, 1.2206555604934692, 0.0, 2.707397222518921, 3.313608407974243, 2.580697536468506, 6.7742156982421875, 3.992492914199829, 7.032780170440674, 3.8275318145751953, 5.283937931060791], [0.0, 2.0, 2.200000047683716, 6.0, 0.0, 4.199999809265137, 5.199999809265137, 2.1540658473968506, 12.29186725616455, 2.1540658473968506, 2.707397222518921, 0.0, 4.313930988311768, 4.609772205352783, 9.476285934448242, 6.530696868896484, 9.398404121398926, 6.1983866691589355, 7.684399604797363], [0.0, 3.0, 5.199999809265137, 2.9000000953674316, 0.0, 4.199999809265137, 5.199999809265137, 2.5079872608184814, 9.338093757629395, 2.5079872608184814, 3.313608407974243, 4.313930988311768, 0.0, 1.6970562934875488, 7.710382461547852, 3.847076892852783, 5.803447246551514, 3.1384708881378174, 4.356604099273682], [0.0, 4.0, 6.400000095367432, 4.099999904632568, 0.0, 4.199999809265137, 5.199999809265137, 2.459674835205078, 8.009993553161621, 2.459674835205078, 2.580697536468506, 4.609772205352783, 1.6970562934875488, 0.0, 6.053924560546875, 2.280350923538208, 4.808326244354248, 1.7000000476837158, 3.140063762664795], [1.0, 0.0, 11.600000381469727, 7.199999809265137, 0.0, 4.199999809265137, 5.199999809265137, 7.6655073165893555, 11.326517105102539, 7.6655073165893555, 6.7742156982421875, 9.476285934448242, 7.710382461547852, 6.053924560546875, 0.0, 3.9051249027252197, 4.53982400894165, 4.6754679679870605, 4.167733192443848], [1.0, 1.0, 8.600000381469727, 4.699999809265137, 0.0, 4.199999809265137, 5.199999809265137, 4.428318023681641, 8.0024995803833, 4.428318023681641, 3.992492914199829, 6.530696868896484, 3.847076892852783, 2.280350923538208, 3.9051249027252197, 0.0, 3.1240999698638916, 0.7810249924659729, 1.421267032623291], [1.0, 2.0, 11.0, 2.700000047683716, 0.0, 4.199999809265137, 5.199999809265137, 7.244998455047607, 10.554619789123535, 7.244998455047607, 7.032780170440674, 9.398404121398926, 5.803447246551514, 4.808326244354248, 4.53982400894165, 3.1240999698638916, 0.0, 3.2202484607696533, 1.7492855787277222], [1.0, 3.0, 8.100000381469727, 4.099999904632568, 0.0, 4.199999809265137, 5.199999809265137, 4.052159786224365, 7.510659217834473, 4.052159786224365, 3.8275318145751953, 6.1983866691589355, 3.1384708881378174, 1.7000000476837158, 4.6754679679870605, 0.7810249924659729, 3.2202484607696533, 0.0, 1.4866068363189697], [1.0, 4.0, 9.5, 3.5999999046325684, 0.0, 4.199999809265137, 5.199999809265137, 5.5362443923950195, 8.945389747619629, 5.5362443923950195, 5.283937931060791, 7.684399604797363, 4.356604099273682, 3.140063762664795, 4.167733192443848, 1.421267032623291, 1.7492855787277222, 1.4866068363189697, 0.0]]], {"team_left": 1, "team_right": 4}, {"00": 85, "01": 95, "02": 57, "03": 124, "04": 79, "10": 136, "11": 121, "12": 130, "13": 114, "14": 132}, {"00": 3, "01": 0, "02": 2, "03": 0, "04": 0, "10": 1, "11": 1, "12": 0, "13": 15, "14": 6}, {"00": 1, "01": 0, "02": 0, "03": 0, "04": 0, "10": 0, "11": 1, "12": 0, "13": 1, "14": 2}, {"00": 3, "01": 0, "02": 0, "03": 0, "04": 0, "10": 1, "11": 1, "12": 1, "13": 3, "14": 1}, {"00": 5, "01": 0, "02": 2, "03": 0, "04": 0, "10": 2, "11": 1, "12": 1, "13": 5, "14": 4}], [[[[0.0, 0.0, 4.400000095367432, 5.199999809265137, 1.0, 4.400000095367432, 5.199999809265137, 0.0, 10.024470329284668, 0.0, 1.2206555604934692, 2.1540658473968506, 2.5079872608184814, 2.459674835205078, 7.280109882354736, 4.031128883361816, 6.870953559875488, 3.6687872409820557, 5.154609680175781], [0.0, 1.0, 5.099999904632568, 6.199999809265137, 0.0, 4.400000095367432, 5.199999809265137, 1.2206555604934692, 9.454099655151367, 1.2206555604934692, 0.0, 2.707397222518921, 3.313608407974243, 2.580697536468506, 6.378871440887451, 3.6249136924743652, 6.688796520233154, 3.5, 4.939635753631592], [0.0, 2.0, 2.4000000953674316, 6.0, 0.0, 4.400000095367432, 5.199999809265137, 2.1540658473968506, 12.09338665008545, 2.1540658473968506, 2.707397222518921, 0.0, 4.313930988311768, 4.609772205352783, 9.0796480178833, 6.139218330383301, 9.024965286254883, 5.818934440612793, 7.305477619171143], [0.0, 3.0, 5.400000095367432, 2.9000000953674316, 0.0, 4.400000095367432, 5.199999809265137, 2.5079872608184814, 9.14111614227295, 2.5079872608184814, 3.313608407974243, 4.313930988311768, 0.0, 1.6970562934875488, 7.381734371185303, 3.4985711574554443, 5.403702259063721, 2.773084878921509, 3.962322473526001], [0.0, 4.0, 6.599999904632568, 4.099999904632568, 0.0, 4.400000095367432, 5.199999809265137, 2.459674835205078, 7.8102498054504395, 2.459674835205078, 2.580697536468506, 4.609772205352783, 1.6970562934875488, 0.0, 5.714017868041992, 1.8973666429519653, 4.427188873291016, 1.2999999523162842, 2.745906114578247], [1.0, 0.0, 11.399999618530273, 7.199999809265137, 0.0, 4.400000095367432, 5.199999809265137, 7.280109882354736, 11.13238525390625, 7.280109882354736, 6.378871440887451, 9.0796480178833, 7.381734371185303, 5.714017868041992, 0.0, 3.9051249027252197, 4.53982400894165, 4.6754679679870605, 4.167733192443848], [1.0, 1.0, 8.399999618530273, 4.699999809265137, 0.0, 4.400000095367432, 5.199999809265137, 4.031128883361816, 7.802563667297363, 4.031128883361816, 3.6249136924743652, 6.139218330383301, 3.4985711574554443, 1.8973666429519653, 3.9051249027252197, 0.0, 3.1240999698638916, 0.7810249924659729, 1.421267032623291], [1.0, 2.0, 10.800000190734863, 2.700000047683716, 0.0, 4.400000095367432, 5.199999809265137, 6.870953559875488, 10.357605934143066, 6.870953559875488, 6.688796520233154, 9.024965286254883, 5.403702259063721, 4.427188873291016, 4.53982400894165, 3.1240999698638916, 0.0, 3.2202484607696533, 1.7492855787277222], [1.0, 3.0, 7.900000095367432, 4.099999904632568, 0.0, 4.400000095367432, 5.199999809265137, 3.6687872409820557, 7.310950756072998, 3.6687872409820557, 3.5, 5.818934440612793, 2.773084878921509, 1.2999999523162842, 4.6754679679870605, 0.7810249924659729, 3.2202484607696533, 0.0, 1.4866068363189697], [1.0, 4.0, 9.300000190734863, 3.5999999046325684, 0.0, 4.400000095367432, 5.199999809265137, 5.154609680175781, 8.746427536010742, 5.154609680175781, 4.939635753631592, 7.305477619171143, 3.962322473526001, 2.745906114578247, 4.167733192443848, 1.421267032623291, 1.7492855787277222, 1.4866068363189697, 0.0]]], {"team_left": 1, "team_right": 4}, {"00": 85, "01": 95, "02": 57, "03": 124, "04": 79, "10": 136, "11": 121, "12": 130, "13": 114, "14": 132}, {"00": 3, "01": 0, "02": 2, "03": 0, "04": 0, "10": 1, "11": 1, "12": 0, "13": 15, "14": 6}, {"00": 1, "01": 0, "02": 0, "03": 0, "04": 0, "10": 0, "11": 1, "12": 0, "13": 1, "14": 2}, {"00": 3, "01": 0, "02": 0, "03": 0, "04": 0, "10": 1, "11": 1, "12": 1, "13": 3, "14": 1}, {"00": 5, "01": 0, "02": 2, "03": 0, "04": 0, "10": 2, "11": 1, "12": 1, "13": 5, "14": 4}], [[[[0.0, 0.0, 4.599999904632568, 5.199999809265137, 1.0, 4.599999904632568, 5.199999809265137, 0.0, 9.824968338012695, 0.0, 1.2206555604934692, 2.1540658473968506, 2.5079872608184814, 2.459674835205078, 6.89637565612793, 3.634556293487549, 6.5, 3.289376735687256, 4.775981426239014], [0.0, 1.0, 5.300000190734863, 6.199999809265137, 0.0, 4.599999904632568, 5.199999809265137, 1.2206555604934692, 9.257429122924805, 1.2206555604934692, 0.0, 2.707397222518921, 3.313608407974243, 2.580697536468506, 5.984145641326904, 3.264965534210205, 6.351377964019775, 3.1890437602996826, 4.604345798492432], [0.0, 2.0, 2.5999999046325684, 6.0, 0.0, 4.599999904632568, 5.199999809265137, 2.1540658473968506, 11.894956588745117, 2.1540658473968506, 2.707397222518921, 0.0, 4.313930988311768, 4.609772205352783, 8.683317184448242, 5.748912811279297, 8.653901100158691, 5.442425727844238, 6.928925037384033], [0.0, 3.0, 5.599999904632568, 2.9000000953674316, 0.0, 4.599999904632568, 5.199999809265137, 2.5079872608184814, 8.9442720413208, 2.5079872608184814, 3.313608407974243, 4.313930988311768, 0.0, 1.6970562934875488, 7.060453414916992, 3.1622776985168457, 5.003998279571533, 2.41867733001709, 3.5693137645721436], [0.0, 4.0, 6.800000190734863, 4.099999904632568, 0.0, 4.599999904632568, 5.199999809265137, 2.459674835205078, 7.610518932342529, 2.459674835205078, 2.580697536468506, 4.609772205352783, 1.6970562934875488, 0.0, 5.382378578186035, 1.523154616355896, 4.049691200256348, 0.8999999761581421, 2.3537204265594482], [1.0, 0.0, 11.199999809265137, 7.199999809265137, 0.0, 4.599999904632568, 5.199999809265137, 6.89637565612793, 10.938464164733887, 6.89637565612793, 5.984145641326904, 8.683317184448242, 7.060453414916992, 5.382378578186035, 0.0, 3.9051249027252197, 4.53982400894165, 4.6754679679870605, 4.167733192443848], [1.0, 1.0, 8.199999809265137, 4.699999809265137, 0.0, 4.599999904632568, 5.199999809265137, 3.634556293487549, 7.602631092071533, 3.634556293487549, 3.264965534210205, 5.748912811279297, 3.1622776985168457, 1.523154616355896, 3.9051249027252197, 0.0, 3.1240999698638916, 0.7810249924659729, 1.421267032623291], [1.0, 2.0, 10.600000381469727, 2.700000047683716, 0.0, 4.599999904632568, 5.199999809265137, 6.5, 10.1607084274292, 6.5, 6.351377964019775, 8.653901100158691, 5.003998279571533, 4.049691200256348, 4.53982400894165, 3.1240999698638916, 0.0, 3.2202484607696533, 1.7492855787277222], [1.0, 3.0, 7.699999809265137, 4.099999904632568, 0.0, 4.599999904632568, 5.199999809265137, 3.289376735687256, 7.111258506774902, 3.289376735687256, 3.1890437602996826, 5.442425727844238, 2.41867733001709, 0.8999999761581421, 4.6754679679870605, 0.7810249924659729, 3.2202484607696533, 0.0, 1.4866068363189697], [1.0, 4.0, 9.100000381469727, 3.5999999046325684, 0.0, 4.599999904632568, 5.199999809265137, 4.775981426239014, 8.547513961791992, 4.775981426239014, 4.604345798492432, 6.928925037384033, 3.5693137645721436, 2.3537204265594482, 4.167733192443848, 1.421267032623291, 1.7492855787277222, 1.4866068363189697, 0.0]]], {"team_left": 1, "team_right": 4}, {"00": 85, "01": 95, "02": 57, "03": 124, "04": 79, "10": 136, "11": 121, "12": 130, "13": 114, "14": 132}, {"00": 3, "01": 0, "02": 2, "03": 0, "04": 0, "10": 1, "11": 1, "12": 0, "13": 15, "14": 6}, {"00": 1, "01": 0, "02": 0, "03": 0, "04": 0, "10": 0, "11": 1, "12": 0, "13": 1, "14": 2}, {"00": 3, "01": 0, "02": 0, "03": 0, "04": 0, "10": 1, "11": 1, "12": 1, "13": 3, "14": 1}, {"00": 5, "01": 0, "02": 2, "03": 0, "04": 0, "10": 2, "11": 1, "12": 1, "13": 5, "14": 4}], [[[[0.0, 0.0, 4.800000190734863, 5.199999809265137, 1.0, 4.800000190734863, 5.199999809265137, 0.0, 9.625487327575684, 0.0, 1.2206555604934692, 2.1540658473968506, 2.5079872608184814, 2.459674835205078, 6.514598846435547, 3.2388269901275635, 6.132699012756348, 2.915475845336914, 4.40113639831543], [0.0, 1.0, 5.5, 6.199999809265137, 0.0, 4.800000190734863, 5.199999809265137, 1.2206555604934692, 9.060905456542969, 1.2206555604934692, 0.0, 2.707397222518921, 3.313608407974243, 2.580697536468506, 5.590169906616211, 2.915475845336914, 6.021627902984619, 2.9000000953674316, 4.280187129974365], [0.0, 2.0, 2.799999952316284, 6.0, 0.0, 4.800000190734863, 5.199999809265137, 2.1540658473968506, 11.69658088684082, 2.1540658473968506, 2.707397222518921, 0.0, 4.313930988311768, 4.609772205352783, 8.28734016418457, 5.360037326812744, 8.285529136657715, 5.069516658782959, 6.555150508880615], [0.0, 3.0, 5.800000190734863, 2.9000000953674316, 0.0, 4.800000190734863, 5.199999809265137, 2.5079872608184814, 8.747570991516113, 2.5079872608184814, 3.313608407974243, 4.313930988311768, 0.0, 1.6970562934875488, 6.747591972351074, 2.842534065246582, 4.604345798492432, 2.0808651447296143, 3.1780498027801514], [0.0, 4.0, 7.0, 4.099999904632568, 0.0, 4.800000190734863, 5.199999809265137, 2.459674835205078, 7.410802841186523, 2.459674835205078, 2.580697536468506, 4.609772205352783, 1.6970562934875488, 0.0, 5.060632228851318, 1.1661903858184814, 3.676955223083496, 0.5, 1.9646883010864258], [1.0, 0.0, 11.0, 7.199999809265137, 0.0, 4.800000190734863, 5.199999809265137, 6.514598846435547, 10.744766235351562, 6.514598846435547, 5.590169906616211, 8.28734016418457, 6.747591972351074, 5.060632228851318, 0.0, 3.9051249027252197, 4.53982400894165, 4.6754679679870605, 4.167733192443848], [1.0, 1.0, 8.0, 4.699999809265137, 0.0, 4.800000190734863, 5.199999809265137, 3.2388269901275635, 7.402702331542969, 3.2388269901275635, 2.915475845336914, 5.360037326812744, 2.842534065246582, 1.1661903858184814, 3.9051249027252197, 0.0, 3.1240999698638916, 0.7810249924659729, 1.421267032623291], [1.0, 2.0, 10.399999618530273, 2.700000047683716, 0.0, 4.800000190734863, 5.199999809265137, 6.132699012756348, 9.963934898376465, 6.132699012756348, 6.021627902984619, 8.285529136657715, 4.604345798492432, 3.676955223083496, 4.53982400894165, 3.1240999698638916, 0.0, 3.2202484607696533, 1.7492855787277222], [1.0, 3.0, 7.5, 4.099999904632568, 0.0, 4.800000190734863, 5.199999809265137, 2.915475845336914, 6.911584377288818, 2.915475845336914, 2.9000000953674316, 5.069516658782959, 2.0808651447296143, 0.5, 4.6754679679870605, 0.7810249924659729, 3.2202484607696533, 0.0, 1.4866068363189697], [1.0, 4.0, 8.899999618530273, 3.5999999046325684, 0.0, 4.800000190734863, 5.199999809265137, 4.40113639831543, 8.348652839660645, 4.40113639831543, 4.280187129974365, 6.555150508880615, 3.1780498027801514, 1.9646883010864258, 4.167733192443848, 1.421267032623291, 1.7492855787277222, 1.4866068363189697, 0.0]]], {"team_left": 1, "team_right": 4}, {"00": 85, "01": 95, "02": 57, "03": 124, "04": 79, "10": 136, "11": 121, "12": 130, "13": 114, "14": 132}, {"00": 3, "01": 0, "02": 2, "03": 0, "04": 0, "10": 1, "11": 1, "12": 0, "13": 15, "14": 6}, {"00": 1, "01": 0, "02": 0, "03": 0, "04": 0, "10": 0, "11": 1, "12": 0, "13": 1, "14": 2}, {"00": 3, "01": 0, "02": 0, "03": 0, "04": 0, "10": 1, "11": 1, "12": 1, "13": 3, "14": 1}, {"00": 5, "01": 0, "02": 2, "03": 0, "04": 0, "10": 2, "11": 1, "12": 1, "13": 5, "14": 4}], [[[[0.0, 0.0, 5.0, 5.199999809265137, 1.0, 5.0, 5.199999809265137, 0.0, 9.42602825164795, 0.0, 1.2206555604934692, 2.1540658473968506, 2.5079872608184814, 2.459674835205078, 6.1351447105407715, 2.844292640686035, 5.769748687744141, 2.5495097637176514, 4.031128883361816], [0.0, 1.0, 5.699999809265137, 6.199999809265137, 0.0, 5.0, 5.199999809265137, 1.2206555604934692, 8.86453628540039, 1.2206555604934692, 0.0, 2.707397222518921, 3.313608407974243, 2.580697536468506, 5.19711446762085, 2.580697536468506, 5.7008771896362305, 2.64007568359375, 3.969886541366577], [0.0, 2.0, 3.0, 6.0, 0.0, 5.0, 5.199999809265137, 2.1540658473968506, 11.498260498046875, 2.1540658473968506, 2.707397222518921, 0.0, 4.313930988311768, 4.609772205352783, 7.891767978668213, 4.972926616668701, 7.92022705078125, 4.701063632965088, 6.184658527374268], [0.0, 3.0, 6.0, 2.9000000953674316, 0.0, 5.0, 5.199999809265137, 2.5079872608184814, 8.551023483276367, 2.5079872608184814, 3.313608407974243, 4.313930988311768, 0.0, 1.6970562934875488, 6.444377422332764, 2.5455844402313232, 4.204759120941162, 1.7691806554794312, 2.7892651557922363], [0.0, 4.0, 7.199999809265137, 4.099999904632568, 0.0, 5.0, 5.199999809265137, 2.459674835205078, 7.211102485656738, 2.459674835205078, 2.580697536468506, 4.609772205352783, 1.6970562934875488, 0.0, 4.750789642333984, 0.8485281467437744, 3.310589075088501, 0.10000000149011612, 1.5811388492584229], [1.0, 0.0, 10.800000190734863, 7.199999809265137, 0.0, 5.0, 5.199999809265137, 6.1351447105407715, 10.551302909851074, 6.1351447105407715, 5.19711446762085, 7.891767978668213, 6.444377422332764, 4.750789642333984, 0.0, 3.9051249027252197, 4.53982400894165, 4.6754679679870605, 4.167733192443848], [1.0, 1.0, 7.800000190734863, 4.699999809265137, 0.0, 5.0, 5.199999809265137, 2.844292640686035, 7.20277738571167, 2.844292640686035, 2.580697536468506, 4.972926616668701, 2.5455844402313232, 0.8485281467437744, 3.9051249027252197, 0.0, 3.1240999698638916, 0.7810249924659729, 1.421267032623291], [1.0, 2.0, 10.199999809265137, 2.700000047683716, 0.0, 5.0, 5.199999809265137, 5.769748687744141, 9.767292022705078, 5.769748687744141, 5.7008771896362305, 7.92022705078125, 4.204759120941162, 3.310589075088501, 4.53982400894165, 3.1240999698638916, 0.0, 3.2202484607696533, 1.7492855787277222], [1.0, 3.0, 7.300000190734863, 4.099999904632568, 0.0, 5.0, 5.199999809265137, 2.5495097637176514, 6.711929798126221, 2.5495097637176514, 2.64007568359375, 4.701063632965088, 1.7691806554794312, 0.10000000149011612, 4.6754679679870605, 0.7810249924659729, 3.2202484607696533, 0.0, 1.4866068363189697], [1.0, 4.0, 8.699999809265137, 3.5999999046325684, 0.0, 5.0, 5.199999809265137, 4.031128883361816, 8.149847030639648, 4.031128883361816, 3.969886541366577, 6.184658527374268, 2.7892651557922363, 1.5811388492584229, 4.167733192443848, 1.421267032623291, 1.7492855787277222, 1.4866068363189697, 0.0]]], {"team_left": 1, "team_right": 4}, {"00": 85, "01": 95, "02": 57, "03": 124, "04": 79, "10": 136, "11": 121, "12": 130, "13": 114, "14": 132}, {"00": 3, "01": 0, "02": 2, "03": 0, "04": 0, "10": 1, "11": 1, "12": 0, "13": 15, "14": 6}, {"00": 1, "01": 0, "02": 0, "03": 0, "04": 0, "10": 0, "11": 1, "12": 0, "13": 1, "14": 2}, {"00": 3, "01": 0, "02": 0, "03": 0, "04": 0, "10": 1, "11": 1, "12": 1, "13": 3, "14": 1}, {"00": 5, "01": 0, "02": 2, "03": 0, "04": 0, "10": 2, "11": 1, "12": 1, "13": 5, "14": 4}], [[[[0.0, 0.0, 5.199999809265137, 5.199999809265137, 1.0, 5.199999809265137, 5.199999809265137, 0.0, 9.226592063903809, 0.0, 1.2206555604934692, 2.1540658473968506, 2.5079872608184814, 2.459674835205078, 5.758471965789795, 2.4515302181243896, 5.412023544311523, 2.1954498291015625, 3.667424201965332], [0.0, 1.0, 5.900000095367432, 6.199999809265137, 0.0, 5.199999809265137, 5.199999809265137, 1.2206555604934692, 8.668333053588867, 1.2206555604934692, 0.0, 2.707397222518921, 3.313608407974243, 2.580697536468506, 4.805205345153809, 2.2671568393707275, 5.390732765197754, 2.41867733001709, 3.676955223083496], [0.0, 2.0, 3.200000047683716, 6.0, 0.0, 5.199999809265137, 5.199999809265137, 2.1540658473968506, 11.300000190734863, 2.1540658473968506, 2.707397222518921, 0.0, 4.313930988311768, 4.609772205352783, 7.496665954589844, 4.5880279541015625, 7.558438777923584, 4.338202476501465, 5.818075180053711], [0.0, 3.0, 6.199999809265137, 2.9000000953674316, 0.0, 5.199999809265137, 5.199999809265137, 2.5079872608184814, 8.354639053344727, 2.5079872608184814, 3.313608407974243, 4.313930988311768, 0.0, 1.6970562934875488, 6.152235507965088, 2.280350923538208, 3.8052594661712646, 1.5, 2.404163122177124], [0.0, 4.0, 7.400000095367432, 4.099999904632568, 0.0, 5.199999809265137, 5.199999809265137, 2.459674835205078, 7.011419296264648, 2.459674835205078, 2.580697536468506, 4.609772205352783, 1.6970562934875488, 0.0, 4.455333709716797, 0.6324555277824402, 2.9529645442962646, 0.30000001192092896, 1.2083046436309814], [1.0, 0.0, 10.600000381469727, 7.199999809265137, 0.0, 5.199999809265137, 5.199999809265137, 5.758471965789795, 10.358088493347168, 5.758471965789795, 4.805205345153809, 7.496665954589844, 6.152235507965088, 4.455333709716797, 0.0, 3.9051249027252197, 4.53982400894165, 4.6754679679870605, 4.167733192443848], [1.0, 1.0, 7.599999904632568, 4.699999809265137, 0.0, 5.199999809265137, 5.199999809265137, 2.4515302181243896, 7.002856731414795, 2.4515302181243896, 2.2671568393707275, 4.5880279541015625, 2.280350923538208, 0.6324555277824402, 3.9051249027252197, 0.0, 3.1240999698638916, 0.7810249924659729, 1.421267032623291], [1.0, 2.0, 10.0, 2.700000047683716, 0.0, 5.199999809265137, 5.199999809265137, 5.412023544311523, 9.570789337158203, 5.412023544311523, 5.390732765197754, 7.558438777923584, 3.8052594661712646, 2.9529645442962646, 4.53982400894165, 3.1240999698638916, 0.0, 3.2202484607696533, 1.7492855787277222], [1.0, 3.0, 7.099999904632568, 4.099999904632568, 0.0, 5.199999809265137, 5.199999809265137, 2.1954498291015625, 6.512296199798584, 2.1954498291015625, 2.41867733001709, 4.338202476501465, 1.5, 0.30000001192092896, 4.6754679679870605, 0.7810249924659729, 3.2202484607696533, 0.0, 1.4866068363189697], [1.0, 4.0, 8.5, 3.5999999046325684, 0.0, 5.199999809265137, 5.199999809265137, 3.667424201965332, 7.9511003494262695, 3.667424201965332, 3.676955223083496, 5.818075180053711, 2.404163122177124, 1.2083046436309814, 4.167733192443848, 1.421267032623291, 1.7492855787277222, 1.4866068363189697, 0.0]]], {"team_left": 1, "team_right": 4}, {"00": 85, "01": 95, "02": 57, "03": 124, "04": 79, "10": 136, "11": 121, "12": 130, "13": 114, "14": 132}, {"00": 3, "01": 0, "02": 2, "03": 0, "04": 0, "10": 1, "11": 1, "12": 0, "13": 15, "14": 6}, {"00": 1, "01": 0, "02": 0, "03": 0, "04": 0, "10": 0, "11": 1, "12": 0, "13": 1, "14": 2}, {"00": 3, "01": 0, "02": 0, "03": 0, "04": 0, "10": 1, "11": 1, "12": 1, "13": 3, "14": 1}, {"00": 5, "01": 0, "02": 2, "03": 0, "04": 0, "10": 2, "11": 1, "12": 1, "13": 5, "14": 4}], [[[[0.0, 0.0, 5.400000095367432, 5.199999809265137, 1.0, 5.400000095367432, 5.199999809265137, 0.0, 9.027181625366211, 0.0, 1.2206555604934692, 2.1540658473968506, 2.5079872608184814, 2.459674835205078, 5.385164737701416, 2.0615527629852295, 5.3225932121276855, 1.8601075410842896, 3.312098979949951], [0.0, 1.0, 6.099999904632568, 6.199999809265137, 0.0, 5.400000095367432, 5.199999809265137, 1.2206555604934692, 8.472308158874512, 1.2206555604934692, 0.0, 2.707397222518921, 3.313608407974243, 2.580697536468506, 4.414748191833496, 1.9849432706832886, 5.2630791664123535, 2.247220516204834, 3.4058773517608643], [0.0, 2.0, 3.4000000953674316, 6.0, 0.0, 5.400000095367432, 5.199999809265137, 2.1540658473968506, 11.101801872253418, 2.1540658473968506, 2.707397222518921, 0.0, 4.313930988311768, 4.609772205352783, 7.102112293243408, 4.205948352813721, 7.473285675048828, 3.982461452484131, 5.456189155578613], [0.0, 3.0, 6.400000095367432, 2.9000000953674316, 0.0, 5.400000095367432, 5.199999809265137, 2.5079872608184814, 8.158431053161621, 2.5079872608184814, 3.313608407974243, 4.313930988311768, 0.0, 1.6970562934875488, 5.872818946838379, 2.059126138687134, 3.799999952316284, 1.2999999523162842, 2.024845600128174], [0.0, 4.0, 7.599999904632568, 4.099999904632568, 0.0, 5.400000095367432, 5.199999809265137, 2.459674835205078, 6.8117547035217285, 2.459674835205078, 2.580697536468506, 4.609772205352783, 1.6970562934875488, 0.0, 4.177319526672363, 0.6324555277824402, 2.8635642528533936, 0.699999988079071, 0.8602325320243835], [1.0, 0.0, 10.399999618530273, 7.199999809265137, 0.0, 5.400000095367432, 5.199999809265137, 5.385164737701416, 10.165136337280273, 5.385164737701416, 4.414748191833496, 7.102112293243408, 5.872818946838379, 4.177319526672363, 0.0, 3.9051249027252197, 4.3046488761901855, 4.6754679679870605, 4.167733192443848], [1.0, 1.0, 7.400000095367432, 4.699999809265137, 0.0, 5.400000095367432, 5.199999809265137, 2.0615527629852295, 6.802940368652344, 2.0615527629852295, 1.9849432706832886, 4.205948352813721, 2.059126138687134, 0.6324555277824402, 3.9051249027252197, 0.0, 3.3286633491516113, 0.7810249924659729, 1.421267032623291], [1.0, 2.0, 10.199999809265137, 2.9000000953674316, 0.0, 5.400000095367432, 5.199999809265137, 5.3225932121276855, 9.732419967651367, 5.3225932121276855, 5.2630791664123535, 7.473285675048828, 3.799999952316284, 2.8635642528533936, 4.3046488761901855, 3.3286633491516113, 0.0, 3.5114099979400635, 2.024845600128174], [1.0, 3.0, 6.900000095367432, 4.099999904632568, 0.0, 5.400000095367432, 5.199999809265137, 1.8601075410842896, 6.312685489654541, 1.8601075410842896, 2.247220516204834, 3.982461452484131, 1.2999999523162842, 0.699999988079071, 4.6754679679870605, 0.7810249924659729, 3.5114099979400635, 0.0, 1.4866068363189697], [1.0, 4.0, 8.300000190734863, 3.5999999046325684, 0.0, 5.400000095367432, 5.199999809265137, 3.312098979949951, 7.7524189949035645, 3.312098979949951, 3.4058773517608643, 5.456189155578613, 2.024845600128174, 0.8602325320243835, 4.167733192443848, 1.421267032623291, 2.024845600128174, 1.4866068363189697, 0.0]]], {"team_left": 1, "team_right": 4}, {"00": 85, "01": 95, "02": 57, "03": 124, "04": 79, "10": 136, "11": 121, "12": 130, "13": 114, "14": 132}, {"00": 3, "01": 0, "02": 2, "03": 0, "04": 0, "10": 1, "11": 1, "12": 0, "13": 15, "14": 6}, {"00": 1, "01": 0, "02": 0, "03": 0, "04": 0, "10": 0, "11": 1, "12": 0, "13": 1, "14": 2}, {"00": 3, "01": 0, "02": 0, "03": 0, "04": 0, "10": 1, "11": 1, "12": 1, "13": 3, "14": 1}, {"00": 5, "01": 0, "02": 2, "03": 0, "04": 0, "10": 2, "11": 1, "12": 1, "13": 5, "14": 4}], [[[[0.0, 0.0, 5.599999904632568, 5.199999809265137, 1.0, 5.599999904632568, 5.199999809265137, 0.0, 8.827796936035156, 0.0, 1.2206555604934692, 2.1540658473968506, 2.5079872608184814, 2.459674835205078, 5.015974521636963, 1.6763054132461548, 5.239274978637695, 1.5556349754333496, 2.9681644439697266], [0.0, 1.0, 6.300000190734863, 6.199999809265137, 0.0, 5.599999904632568, 5.199999809265137, 1.2206555604934692, 8.276473045349121, 1.2206555604934692, 0.0, 2.707397222518921, 3.313608407974243, 2.580697536468506, 4.026164531707764, 1.7492855787277222, 5.140038967132568, 2.137755870819092, 3.1622776985168457], [0.0, 2.0, 3.5999999046325684, 6.0, 0.0, 5.599999904632568, 5.199999809265137, 2.1540658473968506, 10.903669357299805, 2.1540658473968506, 2.707397222518921, 0.0, 4.313930988311768, 4.609772205352783, 6.7082037925720215, 3.8275318145751953, 7.392563819885254, 3.6359317302703857, 5.099999904632568], [0.0, 3.0, 6.599999904632568, 2.9000000953674316, 0.0, 5.599999904632568, 5.199999809265137, 2.5079872608184814, 7.962411880493164, 2.5079872608184814, 3.313608407974243, 4.313930988311768, 0.0, 1.6970562934875488, 5.608029842376709, 1.8973666429519653, 3.8052594661712646, 1.2041594982147217, 1.6552945375442505], [0.0, 4.0, 7.800000190734863, 4.099999904632568, 0.0, 5.599999904632568, 5.199999809265137, 2.459674835205078, 6.612110137939453, 2.459674835205078, 2.580697536468506, 4.609772205352783, 1.6970562934875488, 0.0, 3.920459270477295, 0.8485281467437744, 2.785677671432495, 1.100000023841858, 0.5830951929092407], [1.0, 0.0, 10.199999809265137, 7.199999809265137, 0.0, 5.599999904632568, 5.199999809265137, 5.015974521636963, 9.972461700439453, 5.015974521636963, 4.026164531707764, 6.7082037925720215, 5.608029842376709, 3.920459270477295, 0.0, 3.9051249027252197, 4.104875087738037, 4.6754679679870605, 4.167733192443848], [1.0, 1.0, 7.199999809265137, 4.699999809265137, 0.0, 5.599999904632568, 5.199999809265137, 1.6763054132461548, 6.603029727935791, 1.6763054132461548, 1.7492855787277222, 3.8275318145751953, 1.8973666429519653, 0.8485281467437744, 3.9051249027252197, 0.0, 3.5777087211608887, 0.7810249924659729, 1.421267032623291], [1.0, 2.0, 10.399999618530273, 3.0999999046325684, 0.0, 5.599999904632568, 5.199999809265137, 5.239274978637695, 9.899495124816895, 5.239274978637695, 5.140038967132568, 7.392563819885254, 3.8052594661712646, 2.785677671432495, 4.104875087738037, 3.5777087211608887, 0.0, 3.8327536582946777, 2.3537204265594482], [1.0, 3.0, 6.699999809265137, 4.099999904632568, 0.0, 5.599999904632568, 5.199999809265137, 1.5556349754333496, 6.113100528717041, 1.5556349754333496, 2.137755870819092, 3.6359317302703857, 1.2041594982147217, 1.100000023841858, 4.6754679679870605, 0.7810249924659729, 3.8327536582946777, 0.0, 1.4866068363189697], [1.0, 4.0, 8.100000381469727, 3.5999999046325684, 0.0, 5.599999904632568, 5.199999809265137, 2.9681644439697266, 7.553806781768799, 2.9681644439697266, 3.1622776985168457, 5.099999904632568, 1.6552945375442505, 0.5830951929092407, 4.167733192443848, 1.421267032623291, 2.3537204265594482, 1.4866068363189697, 0.0]]], {"team_left": 1, "team_right": 4}, {"00": 85, "01": 95, "02": 57, "03": 124, "04": 79, "10": 136, "11": 121, "12": 130, "13": 114, "14": 132}, {"00": 3, "01": 0, "02": 2, "03": 0, "04": 0, "10": 1, "11": 1, "12": 0, "13": 15, "14": 6}, {"00": 1, "01": 0, "02": 0, "03": 0, "04": 0, "10": 0, "11": 1, "12": 0, "13": 1, "14": 2}, {"00": 3, "01": 0, "02": 0, "03": 0, "04": 0, "10": 1, "11": 1, "12": 1, "13": 3, "14": 1}, {"00": 5, "01": 0, "02": 2, "03": 0, "04": 0, "10": 2, "11": 1, "12": 1, "13": 5, "14": 4}], [[[[0.0, 0.0, 5.800000190734863, 5.199999809265137, 1.0, 5.800000190734863, 5.199999809265137, 0.0, 8.62844181060791, 0.0, 1.2206555604934692, 2.1540658473968506, 2.5079872608184814, 2.459674835205078, 4.651881217956543, 1.2999999523162842, 4.875448703765869, 1.3038405179977417, 2.64007568359375], [0.0, 1.0, 6.5, 6.199999809265137, 0.0, 5.800000190734863, 5.199999809265137, 1.2206555604934692, 8.080841064453125, 1.2206555604934692, 0.0, 2.707397222518921, 3.313608407974243, 2.580697536468506, 3.640054941177368, 1.5811388492584229, 4.827007293701172, 2.0999999046325684, 2.9529645442962646], [0.0, 2.0, 3.799999952316284, 6.0, 0.0, 5.800000190734863, 5.199999809265137, 2.1540658473968506, 10.705606460571289, 2.1540658473968506, 2.707397222518921, 0.0, 4.313930988311768, 4.609772205352783, 6.315061569213867, 3.4539833068847656, 7.026378631591797, 3.3015148639678955, 4.750789642333984], [0.0, 3.0, 6.800000190734863, 2.9000000953674316, 0.0, 5.800000190734863, 5.199999809265137, 2.5079872608184814, 7.766595363616943, 2.5079872608184814, 3.313608407974243, 4.313930988311768, 0.0, 1.6970562934875488, 5.360037326812744, 1.8110769987106323, 3.4058773517608643, 1.2369316816329956, 1.3038405179977417]